1.22733659299184
1.69683675706491
1.21614472820496
1.34993803223752
2.02743323593156
2.10132411522811
1.64840149466937
1.65489438211699
2.25209798437836
1.73441097730416
1.66352732148718
2.53624957993433
1.86743794625312
0.837462803232841
2.94413082030681
2.43183264989131
2.62933107442066
2.87721539680131
2.77569366242467
2.53134412896621
2.40956987050676
0.688457635099316
2.01380180834103
0.427424954522877
1.04388671132224
2.7218726391694
1.5150100987438
0.818141362578374
0.0982676985171973
0.219241660427238
1.32918865161668
1.11388821235449
0.926105624075314
2.58856725173784
1.75308762720997
1.03768404245468
0.668583773998795
0.542161092110784
2.44098297910586
1.66543181943827
2.98518421845012
2.78465545975687
2.06127978679435
1.98132654454713
1.84095693859686
1.34267314381072
2.8370011469297
1.46060676103551
0.989298572013659
0.474171319611419
0.62158490647017
3.50932894004917
2.51736868015511
0.473551406846226
0.948706197344681
0.840668456575081
1.52973156022531
3.49486750745024
2.80379707787821
2.81320738772179
2.3311325123069
1.61252482972898
1.68729946916967
0.722440600781721
0.683255829205326
0.147444710429563
